Sample_id,Sample_label
1,3
2,9
3,1
4,1
5,1
6,1
7,9
8,1
9,1
10,2
11,1
12,1
13,1
14,10
15,4
16,1
17,1
18,1
19,6
20,2
21,2
22,1
23,1
24,1
25,1
26,4
27,3
28,8
29,1
30,1
31,4
32,1
33,1
34,1
35,4
36,6
37,1
38,1
39,1
40,2
41,1
42,2
43,3
44,1
45,1
46,2
47,2
48,1
49,1
50,1
51,2
52,3
53,2
54,1
55,3
56,3
57,5
58,1
59,3
60,1
61,1
62,1
63,4
64,1
65,1
66,1
67,1
68,2
69,2
70,1
71,1
72,5
73,1
74,10
75,8
76,2
77,1
78,3
79,9
80,1
81,3
82,1
83,1
84,1
85,9
86,1
87,4
88,3
89,8
90,1
91,1
92,3
93,1
94,1
95,1
96,1
97,5
98,2
99,2
100,1
101,1
102,4
103,1
104,1
105,4
106,1
107,1
108,1
109,2
110,8
111,2
112,2
113,1
114,1
115,1
116,4
117,1
118,1
119,1
120,1
121,1
122,1
123,2
124,1
125,3
126,2
127,1
128,1
129,4
130,2
131,5
132,1
133,1
134,5
135,1
136,4
137,6
138,3
139,1
140,1
141,1
142,8
143,1
144,1
145,1
146,1
147,2
148,1
149,5
150,1
151,2
152,1
153,2
154,5
155,2
156,1
157,7
158,1
159,1
160,1
161,1
162,1
163,1
164,2
165,4
166,1
167,1
168,1
169,1
170,1
171,2
172,1
173,1
174,1
175,1
176,2
177,1
178,1
179,6
180,1
181,1
182,1
183,2
184,7
185,1
186,1
187,3
188,1
189,1
190,4
191,2
192,2
193,1
194,9
195,1
196,3
197,3
198,1
199,1
200,1
201,2
202,1
203,10
204,1
205,4
206,1
207,2
208,1
209,1
210,3
211,1
212,4
213,10
214,1
215,1
216,1
217,1
218,2
219,1
220,1
221,1
222,1
223,1
224,1
225,2
226,3
227,1
228,10
229,3
230,1
231,1
232,8
233,4
234,1
235,8
236,1
237,3
238,5
239,1
240,1
241,1
242,1
243,1
244,1
245,1
246,1
247,2
248,2
249,1
250,2
251,1
252,1
253,1
254,3
255,1
256,2
257,1
258,4
259,1
260,1
261,6
262,1
263,1
264,1
265,1
266,4
267,1
268,1
269,1
270,8
271,2
272,2
273,6
274,6
275,7
276,1
277,5
278,1
279,4
280,1
281,5
282,1
283,1
284,1
285,1
286,2
287,1
288,1
289,8
290,1
291,1
292,1
293,10
294,1
295,5
296,6
297,1
298,1
299,1
300,1
301,1
302,1
303,8
304,1
305,3
306,1
307,1
308,1
309,1
310,1
311,8
312,3
313,2
314,2
315,2
316,3
317,2
318,1
319,2
320,1
321,1
322,2
323,8
324,1
325,1
326,8
327,6
328,1
329,1
330,1
331,4
332,3
333,1
334,1
335,1
336,1
337,1
338,8
339,6
340,4
341,1
342,4
343,1
344,2
345,1
346,2
347,3
348,3
349,5
350,1
351,1
352,3
353,3
354,1
355,1
356,1
357,8
358,3
359,1
360,1
361,8
362,1
363,1
364,2
365,2
366,3
367,1
368,2
369,4
370,6
371,1
372,2
373,1
374,1
375,1
376,1
377,1
378,1
379,1
380,1
381,1
382,1
383,1
384,1
385,1
386,6
387,3
388,1
389,1
390,2
391,1
392,1
393,6
394,1
395,4
396,7
397,1
398,1
399,8
400,8
401,2
402,1
403,4
404,2
405,1
406,2
407,1
408,1
409,1
410,1
411,1
412,1
413,8
414,1
415,2
416,1
417,9
418,1
419,6
420,3
421,1
422,1
423,1
424,1
425,1
426,4
427,2
428,6
429,3
430,3
431,1
432,1
433,1
434,4
435,1
436,1
437,3
438,3
439,5
440,1
441,1
442,1
443,5
444,1
445,3
446,3
447,1
448,1
449,9
450,1
451,1
452,4
453,1
454,1
455,1
456,3
457,3
458,1
459,1
460,1
461,1
462,1
463,1
464,1
465,1
466,1
467,1
468,1
469,1
470,8
471,5
472,1
473,1
474,1
475,2
476,10
477,3
478,1
479,1
480,1
481,3
482,1
483,4
484,3
485,1
486,3
487,1
488,1
489,7
490,2
491,1
492,5
493,1
494,6
495,1
496,4
497,3
498,1
499,1
500,1
501,4
502,1
503,1
504,1
505,1
506,1
507,1
508,8
509,2
510,1
511,4
512,5
513,1
514,1
515,9
516,5
517,2
518,10
519,1
520,7
521,3
522,1
523,1
524,1
525,1
526,1
527,1
528,1
529,1
530,1
531,2
532,1
533,1
534,1
535,1
536,1
537,1
538,1
539,3
540,2
541,1
542,3
543,4
544,8
545,1
546,1
547,2
548,8
549,5
550,5
551,1
552,4
553,1
554,1
555,8
556,2
557,1
558,10
559,1
560,1
561,1
562,4
563,2
564,9
565,1
566,1
567,1
568,10
569,2
570,4
571,8
572,1
573,1
574,1
575,1
576,3
577,2
578,1
579,4
580,2
581,3
582,4
583,1
584,5
585,2
586,1
587,1
588,1
589,1
590,1
591,2
592,1
593,1
594,1
595,1
596,1
597,1
598,1
599,1
600,1
601,1
602,2
603,1
604,1
605,2
606,1
607,1
608,8
609,2
610,1
611,8
612,1
613,6
614,3
615,8
616,6
617,7
618,1
619,2
620,1
621,1
622,1
623,1
624,1
625,2
626,1
627,1
628,1
629,1
630,4
631,4
632,1
633,2
634,2
635,1
636,4
637,3
638,1
639,1
640,1
641,1
642,4
643,8
644,8
645,1
646,1
647,2
648,4
649,1
650,1
651,3
652,1
653,6
654,3
655,2
656,8
657,1
658,1
659,1
660,4
661,3
662,1
663,1
664,2
665,1
666,1
667,9
668,1
669,3
670,1
671,1
672,1
673,1
674,1
675,1
676,1
677,1
678,1
679,1
680,1
681,1
682,1
683,1
684,1
685,4
686,8
687,1
688,1
689,3
690,1
691,1
692,1
693,1
694,1
695,8
696,1
697,1
698,6
699,1
700,1
701,2
702,2
703,1
704,1
705,1
706,1
707,1
708,5
709,1
710,1
711,1
712,2
713,1
714,1
715,7
716,1
717,1
718,9
719,1
720,1
721,1
722,2
723,8
724,2
725,3
726,1
727,3
728,1
729,1
730,1
731,1
732,1
733,6
734,1
735,8
736,1
737,1
738,2
739,1
740,1
741,1
742,2
743,4
744,1
745,1
746,1
747,7
748,1
749,1
750,1
751,1
752,3
753,1
754,1
755,6
756,1
757,1
758,1
759,1
760,1
761,1
762,1
763,1
764,6
765,1
766,1
767,1
768,1
769,8
770,1
771,1
772,1
773,1
774,1
775,5
776,4
777,1
778,1
779,1
780,5
781,1
782,1
783,1
784,3
785,1
786,1
787,2
788,3
789,8
790,1
791,1
792,1
793,8
794,3
795,1
796,1
797,3
798,1
799,1
800,3
801,8
802,1
803,6
804,1
805,1
806,2
807,1
808,1
809,1
810,2
811,1
812,1
813,2
814,1
815,2
816,1
817,6
818,1
819,6
820,2
821,1
822,1
823,2
824,1
825,1
826,1
827,1
828,1
829,1
830,2
831,6
832,5
833,1
834,8
835,8
836,1
837,1
838,2
839,5
840,1
841,2
842,2
843,1
844,6
845,1
846,1
847,1
848,5
849,1
850,3
851,4
852,1
853,1
854,4
855,1
856,1
857,1
858,2
859,3
860,6
861,1
862,1
863,1
864,1
865,1
866,3
867,1
868,3
869,8
870,2
871,1
872,1
873,1
874,1
875,3
876,10
877,1
878,1
879,1
880,1
881,2
882,4
883,3
884,2
885,1
886,2
887,4
888,1
889,4
890,1
891,1
892,1
893,1
894,1
895,1
896,1
897,1
898,4
899,2
900,6
901,1
902,2
903,2
904,1
905,1
906,1
907,1
908,8
909,1
910,1
911,1
912,6
913,1
914,1
915,1
916,5
917,1
918,4
919,1
920,1
921,1
922,1
923,1
924,1
925,1
926,3
927,1
928,6
929,9
930,1
931,2
932,1
933,2
934,2
935,4
936,1
937,1
938,1
939,4
940,1
941,5
942,1
943,5
944,6
945,2
946,1
947,1
948,4
949,2
950,2
951,1
952,1
953,1
954,1
955,1
956,1
957,1
958,1
959,1
960,1
961,2
962,2
963,3
964,1
965,6
966,8
967,1
968,6
969,5
970,2
971,1
972,1
973,1
974,9
975,3
976,3
977,4
978,2
979,6
980,2
981,2
982,1
983,1
984,1
985,1
986,1
987,4
988,1
989,4
990,2
991,1
992,1
993,9
994,1
995,2
996,1
997,1
998,5
999,1
1000,1
1001,1
1002,1
1003,1
1004,3
1005,2
1006,1
1007,1
1008,1
1009,1
1010,1
1011,1
1012,4
1013,7
1014,1
1015,1
1016,1
1017,1
1018,1
1019,1
1020,3
1021,1
1022,3
1023,1
1024,1
1025,1
1026,1
1027,1
1028,1
1029,1
1030,1
1031,3
1032,2
1033,1
1034,3
1035,1
1036,6
1037,2
1038,1
1039,1
1040,6
1041,10
1042,2
1043,1
1044,7
1045,5
1046,1
1047,1
1048,3
1049,6
1050,1
1051,1
1052,1
1053,1
1054,7
1055,1
1056,1
1057,1
1058,2
1059,1
1060,1
1061,5
1062,2
1063,1
1064,2
1065,2
1066,1
1067,1
1068,6
1069,1
1070,3
1071,6
1072,1
1073,5
1074,1
1075,4
1076,5
1077,2
1078,1
1079,5
1080,8
1081,1
1082,2
1083,1
1084,2
1085,1
1086,1
1087,1
1088,2
1089,7
1090,3
1091,1
1092,8
1093,1
1094,2
1095,4
1096,1
1097,2
1098,1
1099,1
1100,1
1101,1
1102,1
1103,1
1104,1
1105,2
1106,1
1107,4
1108,5
1109,3
1110,1
1111,10
1112,1
1113,6
1114,1
1115,1
1116,6
1117,3
1118,9
1119,1
1120,1
1121,2
1122,1
1123,2
1124,4
1125,1
1126,1
1127,1
1128,1
1129,5
1130,1
1131,1
1132,3
1133,1
1134,1
1135,1
1136,1
1137,1
1138,1
1139,6
1140,1
1141,1
1142,4
1143,1
1144,2
1145,1
1146,2
1147,1
1148,2
1149,2
1150,1
1151,2
1152,5
1153,1
1154,1
1155,2
1156,1
1157,1
1158,1
1159,1
1160,1
1161,2
1162,3
1163,1
1164,1
1165,1
1166,2
1167,1
1168,10
1169,7
1170,1
1171,1
1172,2
1173,1
1174,9
1175,2
1176,1
1177,9
1178,2
1179,1
1180,1
1181,1
1182,2
1183,1
1184,1
1185,5
1186,2
1187,8
1188,4
1189,1
1190,1
1191,1
1192,6
1193,1
1194,1
1195,1
1196,1
1197,3
1198,1
1199,3
1200,1
1201,2
1202,1
1203,3
1204,5
1205,2
1206,9
1207,8
1208,2
1209,4
1210,8
1211,9
1212,2
1213,1
1214,1
1215,2
1216,1
1217,5
1218,6
1219,1
1220,1
1221,1
1222,2
1223,1
1224,8
1225,6
1226,1
1227,1
1228,1
1229,1
1230,6
1231,1
1232,1
1233,2
1234,2
1235,1
1236,8
1237,8
1238,1
1239,2
1240,1
1241,2
1242,1
1243,3
1244,1
1245,1
1246,1
1247,1
1248,2
1249,4
1250,1
1251,1
1252,1
1253,1
1254,1
1255,2
1256,1
1257,3
1258,1
1259,2
1260,8
1261,1
1262,1
1263,1
1264,8
1265,1
1266,2
1267,1
1268,1
1269,1
1270,1
1271,5
1272,2
1273,1
1274,1
1275,1
1276,1
1277,1
1278,1
1279,1
1280,1
1281,1
1282,1
1283,2
1284,6
1285,1
1286,1
1287,1
1288,1
1289,1
1290,5
1291,1
1292,1
1293,2
1294,4
1295,1
1296,1
1297,1
1298,1
1299,3
1300,2
1301,1
1302,1
1303,6
1304,1
1305,1
1306,1
1307,1
1308,1
1309,1
1310,6
1311,3
1312,6
1313,1
1314,1
1315,1
1316,1
1317,1
1318,2
1319,1
1320,1
1321,9
1322,1
1323,1
1324,8
1325,5
1326,1
1327,1
1328,1
1329,4
1330,1
1331,1
1332,1
1333,5
1334,1
1335,1
1336,1
1337,2
1338,1
1339,4
1340,1
1341,1
1342,1
1343,1
1344,2
1345,5
1346,5
1347,1
1348,1
1349,1
1350,3
1351,1
1352,2
1353,1
1354,4
1355,1
1356,2
1357,1
1358,1
1359,4
1360,1
1361,4
1362,1
1363,3
1364,1
1365,1
1366,5
1367,1
1368,3
1369,2
1370,1
1371,1
1372,1
1373,1
1374,1
1375,2
1376,5
1377,1
1378,1
1379,4
1380,6
1381,1
1382,1
1383,1
1384,3
1385,8
1386,1
1387,5
1388,9
1389,1
1390,1
1391,1
1392,1
1393,1
1394,1
1395,1
1396,1
1397,6
1398,1
1399,9
1400,1
1401,2
1402,1
1403,6
1404,6
1405,5
1406,1
1407,10
1408,2
1409,9
1410,7
1411,6
1412,1
1413,2
1414,1
1415,1
1416,1
1417,4
1418,1
1419,6
1420,1
1421,2
1422,6
1423,4
1424,2
1425,2
1426,1
1427,1
1428,4
1429,4
1430,8
1431,1
1432,1
1433,1
1434,2
1435,3
1436,3
1437,2
1438,3
1439,3
1440,9
1441,1
1442,1
1443,1
1444,1
1445,1
1446,2
1447,2
1448,2
1449,1
1450,1
1451,4
1452,1
1453,1
1454,1
1455,1
1456,1
1457,1
1458,1
1459,6
1460,1
1461,2
1462,2
1463,1
1464,2
1465,1
1466,3
1467,1
1468,4
1469,1
1470,1
1471,2
1472,1
1473,1
1474,1
1475,3
1476,3
1477,1
1478,1
1479,4
1480,1
1481,3
1482,3
1483,1
1484,3
1485,1
1486,4
1487,1
1488,4
1489,1
1490,8
1491,1
1492,10
1493,1
1494,9
1495,1
1496,2
1497,1
1498,2
1499,1
1500,2
1501,9
1502,1
1503,1
1504,1
1505,1
1506,1
1507,1
1508,1
1509,1
1510,1
1511,1
1512,2
1513,1
1514,1
1515,1
1516,1
1517,7
1518,4
1519,1
1520,5
1521,1
1522,1
1523,1
1524,6
1525,4
1526,1
1527,1
1528,2
1529,1
1530,1
1531,1
1532,1
1533,1
1534,2
1535,1
1536,1
1537,1
1538,1
1539,1
1540,2
1541,1
1542,1
1543,1
1544,1
1545,2
1546,1
1547,1
1548,1
1549,1
1550,1
1551,1
1552,1
1553,2
1554,8
1555,1
1556,6
1557,1
1558,5
1559,1
1560,1
1561,1
1562,1
1563,1
1564,1
1565,1
1566,4
1567,2
1568,3
1569,1
1570,2
1571,2
1572,3
1573,1
1574,3
1575,1
1576,1
1577,3
1578,1
1579,7
1580,1
1581,2
1582,8
1583,1
1584,8
1585,9
1586,1
1587,3
1588,10
1589,6
1590,1
1591,3
1592,1
1593,3
1594,1
1595,3
1596,1
1597,1
1598,4
1599,3
1600,1
1601,3
1602,1
1603,1
1604,3
1605,1
1606,7
1607,8
1608,4
1609,1
1610,1
1611,6
1612,1
1613,1
1614,1
1615,1
1616,7
1617,1
1618,2
1619,1
1620,5
1621,1
1622,1
1623,1
1624,4
1625,2
1626,1
1627,1
1628,1
1629,3
1630,1
1631,3
1632,4
1633,3
1634,4
1635,1
1636,1
1637,1
1638,1
1639,1
1640,3
1641,1
1642,2
1643,1
1644,1
1645,4
1646,1
1647,2
1648,1
1649,1
1650,1
1651,8
1652,1
1653,1
1654,2
1655,1
1656,2
1657,1
1658,1
1659,4
1660,4
1661,2
1662,2
1663,5
1664,3
1665,1
1666,8
1667,1
1668,1
1669,1
1670,4
1671,1
1672,1
1673,1
1674,1
1675,1
1676,1
1677,1
1678,3
1679,6
1680,1
1681,1
1682,1
1683,1
1684,1
1685,1
1686,6
1687,5
1688,2
1689,1
1690,1
1691,5
1692,2
1693,1
1694,9
1695,1
1696,3
1697,2
1698,1
1699,1
1700,1
1701,1
1702,3
1703,1
1704,1
1705,1
1706,1
1707,2
1708,1
1709,1
1710,1
1711,1
1712,1
1713,3
1714,3
1715,1
1716,1
1717,1
1718,1
1719,9
1720,2
1721,2
1722,2
1723,1
1724,1
1725,1
1726,1
1727,1
1728,1
1729,1
1730,1
1731,8
1732,1
1733,1
1734,3
1735,7
1736,1
1737,10
1738,6
1739,1
1740,8
1741,1
1742,1
1743,2
1744,2
1745,2
1746,1
1747,1
1748,1
1749,1
1750,1
1751,1
1752,1
1753,9
1754,1
1755,2
1756,1
1757,5
1758,1
1759,1
1760,4
1761,3
1762,1
1763,1
1764,8
1765,2
1766,3
1767,8
1768,3
1769,1
1770,1
1771,1
1772,1
1773,1
1774,4
1775,9
1776,1
1777,1
1778,1
1779,8
1780,1
1781,3
1782,1
1783,1
1784,1
1785,1
1786,1
1787,6
1788,1
1789,1
1790,1
1791,1
1792,1
1793,3
1794,1
1795,3
1796,1
1797,1
1798,1
1799,1
1800,1
1801,1
1802,8
1803,2
1804,1
1805,1
1806,1
1807,1
1808,1
1809,4
1810,2
1811,1
1812,1
1813,4
1814,1
1815,4
1816,1
1817,1
1818,1
1819,3
1820,9
1821,1
1822,1
1823,1
1824,4
1825,1
1826,3
1827,4
1828,1
1829,1
1830,9
1831,6
1832,5
1833,1
1834,6
1835,2
1836,7
1837,1
1838,1
1839,1
1840,1
1841,1
1842,1
1843,1
1844,6
1845,1
1846,2
1847,4
1848,1
1849,1
1850,5
1851,1
1852,1
1853,1
1854,1
1855,1
1856,1
1857,1
1858,9
1859,2
1860,2
1861,2
1862,1
1863,9
1864,1
1865,1
1866,4
1867,1
1868,1
1869,1
1870,6
1871,1
1872,3
1873,1
1874,2
1875,1
1876,1
1877,1
1878,4
1879,1
1880,1
1881,1
1882,4
1883,3
1884,2
1885,1
1886,4
1887,1
1888,1
1889,1
1890,4
1891,1
1892,2
1893,4
1894,1
1895,1
1896,1
1897,1
1898,1
1899,5
1900,1
1901,8
1902,8
1903,1
1904,1
1905,2
1906,1
1907,2
1908,4
1909,1
1910,1
1911,1
1912,2
1913,1
1914,2
1915,2
1916,2
1917,1
1918,1
1919,1
1920,1
1921,1
1922,1
1923,1
1924,4
1925,1
1926,1
1927,3
1928,4
1929,1
1930,4
1931,9
1932,6
1933,2
1934,6
1935,1
1936,1
1937,1
1938,2
1939,1
1940,1
1941,8
1942,1
1943,4
1944,1
1945,1
1946,2
1947,1
1948,5
1949,3
1950,8
1951,5
1952,3
1953,2
1954,9
1955,1
1956,1
1957,1
1958,1
1959,1
1960,1
1961,1
1962,3
1963,5
1964,1
1965,8
1966,2
1967,3
1968,5
1969,1
1970,4
1971,1
1972,4
1973,1
1974,2
1975,1
1976,1
1977,1
1978,1
1979,6
1980,1
1981,1
1982,1
1983,1
1984,1
1985,2
1986,6
1987,1
1988,1
1989,1
1990,1
1991,1
1992,1
1993,1
1994,1
1995,3
1996,1
1997,1
1998,1
1999,6
2000,1
2001,10
2002,4
2003,2
2004,1
2005,6
2006,6
2007,3
2008,1
2009,1
2010,4
2011,2
2012,4
2013,2
2014,2
2015,3
2016,3
2017,4
2018,9
2019,3
2020,1
2021,1
2022,4
2023,1
2024,1
2025,1
2026,1
2027,1
2028,1
2029,1
2030,1
2031,1
2032,8
2033,1
2034,1
2035,1
2036,6
2037,5
2038,1
2039,1
2040,1
2041,7
2042,1
2043,1
2044,1
2045,2
2046,4
2047,3
2048,1
2049,2
2050,5
2051,8
2052,1
2053,7
2054,1
2055,1
2056,2
2057,6
2058,1
2059,1
2060,1
2061,2
2062,7
2063,1
2064,1
2065,2
2066,4
2067,1
2068,1
2069,5
2070,1
2071,5
2072,6
2073,1
2074,1
2075,1
2076,1
2077,3
2078,4
2079,1
2080,1
2081,1
2082,1
2083,2
2084,1
2085,3
2086,1
2087,1
2088,1
2089,2
2090,1
2091,1
2092,2
2093,1
2094,4
2095,1
2096,3
2097,1
2098,1
2099,2
2100,1
2101,4
2102,1
2103,2
2104,2
2105,1
2106,1
2107,2
2108,1
2109,1
2110,6
2111,1
2112,8
2113,1
2114,1
2115,3
2116,1
2117,1
2118,4
2119,1
2120,2
2121,1
2122,2
2123,1
2124,2
2125,1
2126,1
2127,1
2128,5
2129,4
2130,1
2131,1
2132,1
2133,2
2134,1
2135,1
2136,1
2137,1
2138,3
2139,1
2140,1
2141,2
2142,5
2143,2
2144,2
2145,1
2146,2
2147,2
2148,3
2149,1
2150,1
2151,1
2152,1
2153,1
2154,1
2155,5
2156,1
2157,1
2158,4
2159,1
2160,1
2161,6
2162,2
2163,4
2164,1
2165,1
2166,1
2167,4
2168,2
2169,7
2170,1
2171,1
2172,1
2173,1
2174,3
2175,1
2176,1
2177,1
2178,1
2179,3
2180,1
2181,1
2182,1
2183,1
2184,6
2185,10
2186,1
2187,8
2188,3
2189,1
2190,1
2191,2
2192,1
2193,1
2194,1
2195,6
2196,1
2197,1
2198,1
2199,2
2200,2
2201,4
2202,1
2203,1
2204,1
2205,1
2206,2
2207,1
2208,1
2209,1
2210,8
2211,2
2212,1
2213,1
2214,7
2215,1
2216,3
2217,6
2218,8
2219,1
2220,2
2221,3
2222,1
2223,1
2224,3
2225,3
2226,1
2227,1
2228,1
2229,1
2230,4
2231,1
2232,1
2233,4
2234,1
2235,1
2236,4
2237,1
2238,8
2239,1
2240,1
2241,1
2242,1
2243,1
2244,5
2245,1
2246,1
2247,2
2248,3
2249,1
2250,4
2251,1
2252,4
2253,3
2254,3
2255,1
2256,1
2257,2
2258,1
2259,1
2260,1
2261,1
2262,3
2263,1
2264,1
2265,1
2266,1
2267,1
2268,8
2269,2
2270,1
2271,1
2272,1
2273,1
2274,1
2275,3
2276,5
2277,10
2278,3
2279,1
2280,1
2281,2
2282,2
2283,1
2284,6
2285,1
2286,1
2287,8
2288,1
2289,1
2290,8
2291,1
2292,2
2293,1
2294,4
2295,1
2296,1
2297,5
2298,3
2299,1
2300,5
2301,3
2302,6
2303,6
2304,1
2305,3
2306,1
2307,1
2308,2
2309,2
2310,10
2311,1
2312,1
2313,1
2314,1
2315,4
2316,1
2317,2
2318,3
2319,1
2320,5
2321,1
2322,2
2323,1
2324,3
2325,5
2326,1
2327,1
2328,8
2329,1
2330,1
2331,1
2332,1
2333,2
2334,1
2335,5
2336,1
2337,1
2338,1
2339,1
2340,2
2341,1
2342,8
2343,1
2344,2
2345,1
2346,1
2347,1
2348,1
2349,1
2350,1
2351,10
2352,3
2353,1
2354,1
2355,1
2356,1
2357,1
2358,1
2359,6
2360,1
2361,7
2362,9
2363,1
2364,1
2365,1
2366,3
2367,1
2368,8
2369,3
2370,5
2371,4
2372,6
2373,1
2374,1
2375,4
2376,2
2377,1
2378,1
2379,1
2380,8
2381,1
2382,1
2383,1
2384,1
2385,4
2386,3
2387,6
2388,1
2389,1
2390,1
2391,2
2392,1
2393,1
2394,1
2395,1
2396,1
2397,1
2398,1
2399,3
2400,6
2401,1
2402,4
2403,1
2404,1
2405,2
2406,6
2407,8
2408,1
2409,1
2410,1
2411,1
2412,1
2413,5
2414,1
2415,1
2416,10
2417,2
2418,3
2419,2
2420,1
2421,4
2422,1
2423,1
2424,1
2425,8
2426,1
2427,1
2428,1
2429,3
2430,3
2431,1
2432,2
2433,1
2434,6
2435,1
2436,1
2437,1
2438,1
2439,1
2440,1
2441,1
2442,2
2443,1
2444,1
2445,6
2446,5
2447,1
2448,2
2449,2
2450,1
2451,3
2452,8
2453,1
2454,8
2455,8
2456,5
2457,2
2458,1
2459,1
2460,5
2461,1
2462,8
2463,1
2464,4
2465,1
2466,4
2467,3
2468,4
2469,1
2470,1
2471,1
2472,8
2473,1
2474,6
2475,4
2476,1
2477,1
2478,3
2479,1
2480,3
2481,1
2482,2
2483,1
2484,1
2485,2
2486,2
2487,1
2488,9
2489,2
2490,1
2491,1
2492,1
2493,1
2494,7
2495,1
2496,1
2497,3
2498,10
2499,1
2500,6
2501,5
2502,4
2503,1
2504,1
2505,2
2506,1
2507,1
2508,1
2509,1
2510,1
2511,3
2512,4
2513,1
2514,2
2515,2
2516,3
2517,1
2518,1
2519,4
2520,1
2521,1
2522,1
2523,1
2524,3
2525,8
2526,1
2527,1
2528,2
2529,1
2530,1
2531,1
2532,8
2533,6
2534,1
2535,3
2536,1
2537,1
2538,3
2539,1
2540,1
2541,1
2542,1
2543,1
2544,3
2545,1
2546,1
2547,2
2548,1
2549,1
2550,1
2551,1
2552,1
2553,1
2554,2
2555,2
2556,2
2557,1
2558,4
2559,3
2560,1
2561,1
2562,6
2563,1
2564,1
2565,1
2566,1
2567,1
2568,1
2569,3
2570,1
2571,1
2572,6
2573,3
2574,1
2575,1
2576,1
2577,9
2578,1
2579,1
2580,1
2581,1
2582,5
2583,1
2584,1
2585,5
2586,1
2587,1
2588,1
2589,2
2590,3
2591,8
2592,2
2593,1
2594,6
2595,6
2596,1
2597,1
2598,1
2599,1
2600,1
2601,8
2602,1
2603,1
2604,1
2605,1
2606,1
2607,1
2608,1
2609,4
2610,4
2611,2
2612,1
2613,2
2614,1
2615,1
2616,1
2617,1
2618,1
2619,1
2620,1
2621,1
2622,1
2623,2
2624,2
2625,1
2626,1
2627,1
2628,1
2629,5
2630,3
2631,1
2632,4
2633,3
2634,3
2635,1
2636,1
2637,1
2638,2
2639,6
2640,6
2641,1
2642,1
2643,1
2644,1
2645,1
2646,1
2647,1
2648,1
2649,1
2650,1
2651,1
2652,1
2653,1
2654,1
2655,1
2656,8
2657,6
2658,1
2659,1
2660,4
2661,3
2662,1
2663,1
2664,8
2665,1
2666,6
2667,1
2668,9
2669,2
2670,3
2671,7
2672,1
2673,1
2674,1
2675,1
2676,1
2677,1
2678,2
2679,1
2680,1
2681,1
2682,1
2683,4
2684,1
2685,1
2686,1
2687,5
2688,4
2689,1
2690,1
2691,1
2692,3
2693,1
2694,6
2695,2
2696,3
2697,4
2698,1
2699,1
2700,1
2701,2
2702,2
2703,7
2704,5
2705,1
2706,1
2707,1
2708,1
2709,3
2710,1
2711,1
2712,1
2713,1
2714,1
2715,5
2716,1
2717,2
2718,3
2719,1
2720,1
2721,2
2722,4
2723,1
2724,1
2725,2
2726,4
2727,1
2728,4
2729,1
2730,1
2731,1
2732,1
2733,1
2734,1
2735,4
2736,1
2737,7
2738,1
2739,1
2740,1
2741,1
2742,3
2743,1
2744,1
2745,5
2746,1
2747,1
2748,1
2749,2
2750,2
2751,1
2752,1
2753,1
2754,1
2755,2
2756,9
2757,9
2758,2
2759,5
2760,2
2761,1
2762,1
2763,10
2764,1
2765,1
2766,2
2767,1
2768,2
2769,1
2770,2
2771,1
2772,1
2773,1
2774,1
2775,1
2776,1
2777,1
2778,1
2779,4
2780,1
2781,1
2782,1
2783,1
2784,2
2785,1
2786,1
2787,1
2788,1
2789,5
2790,1
2791,1
2792,3
2793,1
2794,8
2795,1
2796,1
2797,9
2798,6
2799,1
2800,1
2801,1
2802,4
2803,1
2804,5
2805,4
2806,1
2807,1
2808,1
2809,1
2810,1
2811,2
2812,4
2813,1
2814,1
2815,1
2816,1
2817,1
2818,1
2819,6
2820,1
2821,1
2822,2
2823,2
2824,1
2825,1
2826,1
2827,1
2828,1
2829,3
2830,1
2831,2
2832,5
2833,4
2834,4
2835,1
2836,2
2837,2
2838,1
2839,1
2840,7
2841,1
2842,1
2843,8
2844,1
2845,1
2846,1
2847,8
2848,2
2849,6
2850,1
2851,2
2852,1
2853,1
2854,1
2855,1
2856,1
2857,1
2858,2
2859,1
2860,8
2861,1
2862,2
2863,1
2864,9
2865,8
2866,4
2867,1
2868,1
2869,1
2870,2
2871,1
2872,1
2873,1
2874,3
2875,4
2876,1
2877,2
2878,1
2879,2
2880,1
2881,1
2882,1
2883,2
2884,3
2885,2
2886,1
2887,1
2888,1
2889,4
2890,1
2891,10
2892,2
2893,1
2894,4
2895,5
2896,1
2897,1
2898,5
2899,2
2900,1
2901,1
2902,1
2903,1
2904,1
2905,1
2906,2
2907,4
2908,1
2909,3
2910,1
2911,2
2912,1
2913,1
2914,1
2915,2
2916,1
2917,2
2918,6
2919,4
2920,2
2921,1
2922,4
2923,1
2924,1
2925,3
2926,1
2927,2
2928,1
2929,1
2930,1
2931,1
2932,1
2933,1
2934,1
2935,6
2936,1
2937,1
2938,1
2939,3
2940,1
2941,2
2942,5
2943,1
2944,1
2945,10
2946,1
2947,1
2948,1
2949,1
2950,1
2951,1
2952,1
2953,1
2954,5
2955,1
2956,1
2957,1
2958,1
2959,1
2960,2
2961,4
2962,1
2963,2
2964,4
2965,3
2966,3
2967,1
2968,1
2969,2
2970,1
2971,1
2972,3
2973,1
2974,1
2975,3
2976,1
2977,5
2978,10
2979,3
2980,2
2981,2
2982,1
2983,1
2984,7
2985,1
2986,2
2987,1
2988,1
2989,1
2990,1
2991,1
2992,2
2993,3
2994,2
2995,1
2996,2
2997,8
2998,3
2999,1
3000,1
3001,1
3002,2
3003,1
3004,2
3005,1
3006,5
3007,1
3008,2
3009,1
3010,7
3011,4
3012,2
3013,1
3014,1
3015,1
3016,5
3017,1
3018,1
3019,1
3020,3
3021,3
3022,1
3023,2
3024,2
3025,1
3026,4
3027,2
3028,6
3029,1
3030,4
3031,1
3032,8
3033,3
3034,1
3035,1
3036,1
3037,1
3038,1
3039,4
3040,8
3041,6
3042,1
3043,4
3044,2
3045,1
3046,1
3047,2
3048,1
3049,1
3050,1
3051,1
3052,8
3053,3
3054,1
3055,3
3056,1
3057,1
3058,1
3059,10
3060,1
3061,1
3062,1
3063,6
3064,1
3065,2
3066,2
3067,2
3068,6
3069,8
3070,4
3071,1
3072,1
3073,1
3074,1
3075,1
3076,1
3077,4
3078,6
3079,1
3080,10
3081,1
3082,1
3083,3
3084,2
3085,3
3086,5
3087,2
3088,1
3089,1
3090,3
3091,8
3092,1
3093,1
3094,1
3095,1
3096,1
3097,2
3098,3
3099,1
3100,1
3101,1
3102,2
3103,1
3104,6
3105,1
3106,2
3107,1
3108,1
3109,1
3110,1
3111,1
3112,1
3113,1
3114,4
3115,5
3116,1
3117,3
3118,1
3119,1
3120,9
3121,1
3122,1
3123,1
3124,1
3125,1
3126,1
3127,1
3128,5
3129,5
3130,4
3131,3
3132,1
3133,6
3134,10
3135,1
3136,1
3137,5
3138,1
3139,9
3140,1
3141,1
3142,1
3143,1
3144,1
3145,1
3146,1
3147,1
3148,6
3149,1
3150,9
3151,1
3152,1
3153,1
3154,10
3155,1
3156,1
3157,3
3158,3
3159,7
3160,2
3161,8
3162,1
3163,1
3164,1
3165,1
3166,1
3167,2
3168,4
3169,1
3170,1
3171,4
3172,1
3173,1
3174,2
3175,1
3176,1
3177,2
3178,8
3179,2
3180,1
3181,1
3182,1
3183,1
3184,1
3185,7
3186,3
3187,1
3188,1
3189,1
3190,1
3191,4
3192,1
3193,1
3194,3
3195,1
3196,4
3197,1
3198,7
3199,1
3200,1
3201,4
3202,1
3203,1
3204,1
3205,8
3206,1
3207,1
3208,1
3209,4
3210,1
3211,3
3212,5
3213,2
3214,6
3215,4
3216,1
3217,3
3218,4
3219,1
3220,4
3221,1
3222,1
3223,1
3224,3
3225,8
3226,1
3227,1
3228,1
3229,1
3230,3
3231,1
3232,1
3233,5
3234,1
3235,1
3236,3
3237,1
3238,1
3239,1
3240,6
3241,1
3242,1
3243,1
3244,5
3245,3
3246,6
3247,1
3248,1
3249,2
3250,6
3251,1
3252,3
3253,2
3254,4
3255,1
3256,2
3257,1
3258,1
3259,1
3260,1
3261,2
3262,9
3263,1
3264,1
3265,2
3266,1
3267,4
3268,2
3269,1
3270,1
3271,1
3272,1
3273,1
3274,4
3275,1
3276,1
3277,2
3278,2
3279,1
3280,1
3281,2
3282,1
3283,1
3284,2
3285,1
3286,1
3287,6
3288,4
3289,1
3290,1
3291,1
3292,1
3293,2
3294,3
3295,5
3296,1
3297,1
3298,1
3299,1
3300,1
3301,1
3302,1
3303,5
3304,2
3305,2
3306,2
3307,1
3308,6
3309,2
3310,1
3311,1
3312,1
3313,1
3314,1
3315,2
3316,1
3317,1
3318,1
3319,1
3320,1
3321,8
3322,1
3323,1
3324,1
3325,3
3326,1
3327,1
3328,1
3329,1
3330,1
3331,8
3332,3
3333,2
3334,1
3335,1
3336,1
3337,2
3338,2
3339,1
3340,1
3341,1
3342,1
3343,5
3344,5
3345,1
3346,3
3347,4
3348,1
3349,2
3350,1
3351,1
3352,3
3353,1
3354,1
3355,1
3356,3
3357,1
3358,1
3359,2
3360,1
3361,8
3362,3
3363,1
3364,1
3365,8
3366,1
3367,1
3368,2
3369,4
3370,2
3371,1
3372,1
3373,6
3374,2
3375,8
3376,4
3377,1
3378,1
3379,3
3380,1
3381,1
3382,2
3383,10
3384,1
3385,2
3386,7
3387,1
3388,1
3389,3
3390,1
3391,1
3392,4
3393,1
3394,6
3395,1
3396,1
3397,3
3398,1
3399,3
3400,4
3401,1
3402,1
3403,2
3404,1
3405,1
3406,1
3407,1
3408,1
3409,1
3410,1
3411,4
3412,6
3413,1
3414,3
3415,1
3416,3
3417,2
3418,1
3419,1
3420,1
3421,1
3422,1
3423,1
3424,1
3425,3
3426,1
3427,1
3428,1
3429,3
3430,2
3431,6
3432,1
3433,1
3434,1
3435,1
3436,5
3437,6
3438,1
3439,1
3440,1
3441,3
3442,2
3443,1
3444,1
3445,3
3446,1
3447,2
3448,1
3449,1
3450,1
3451,1
3452,2
3453,3
3454,1
3455,1
3456,1
3457,5
3458,1
3459,1
3460,2
3461,2
3462,1
3463,1
3464,5
3465,1
3466,1
3467,6
3468,8
3469,4
3470,2
3471,1
3472,8
3473,1
3474,6
3475,2
3476,3
3477,1
3478,4
3479,3
3480,2
3481,1
3482,1
3483,8
3484,1
3485,3
3486,1
3487,1
3488,1
3489,2
3490,6
3491,1
3492,1
3493,4
3494,2
3495,1
3496,1
3497,1
3498,3
3499,1
3500,1
3501,1
3502,5
3503,4
3504,4
3505,1
3506,1
3507,2
3508,1
3509,1
3510,2
3511,1
3512,7
3513,3
3514,6
3515,1
3516,9
3517,2
3518,7
3519,2
3520,1
3521,1
3522,2
3523,1
3524,1
3525,1
3526,1
3527,1
3528,1
3529,1
3530,1
3531,1
3532,1
3533,1
3534,1
3535,1
3536,2
3537,1
3538,4
3539,1
3540,1
3541,1
3542,6
3543,3
3544,2
3545,1
3546,4
3547,1
3548,1
3549,2
3550,1
3551,1
3552,2
3553,3
3554,1
3555,1
3556,1
3557,1
3558,1
3559,1
3560,1
3561,1
3562,3
3563,1
3564,1
3565,1
3566,1
3567,4
3568,7
3569,2
3570,1
3571,1
3572,1
3573,1
3574,1
3575,2
3576,1
3577,4
3578,1
3579,10
3580,1
3581,1
3582,1
3583,4
3584,4
3585,2
3586,1
3587,2
3588,3
3589,9
3590,1
3591,1
3592,2
3593,1
3594,1
3595,1
3596,1
3597,3
3598,2
3599,1
3600,1
3601,3
3602,1
3603,5
3604,4
3605,2
3606,2
3607,5
3608,2
3609,1
3610,1
3611,4
3612,1
3613,1
3614,4
3615,1
3616,1
3617,1
3618,1
3619,6
3620,5
3621,1
3622,1
3623,9
3624,1
3625,1
3626,6
3627,1
3628,1
3629,4
3630,2
3631,1
3632,3
3633,1
3634,1
3635,1
3636,1
3637,2
3638,8
3639,1
3640,2
3641,1
3642,2
3643,1
3644,1
3645,1
3646,3
3647,1
3648,1
3649,1
3650,1
3651,1
3652,1
3653,1
3654,1
3655,1
3656,3
3657,1
3658,2
3659,3
3660,2
3661,2
3662,1
3663,3
3664,1
3665,3
3666,1
3667,1
3668,1
3669,1
3670,3
3671,1
3672,1
3673,1
3674,3
3675,1
3676,1
3677,2
3678,1
3679,2
3680,1
3681,4
3682,3
3683,1
3684,1
3685,2
3686,6
3687,1
3688,2
3689,1
3690,4
3691,3
3692,1
3693,3
3694,1
3695,1
3696,3
3697,1
3698,1
3699,8
3700,1
3701,1
3702,1
3703,1
3704,8
3705,8
3706,1
3707,6
3708,6
3709,1
3710,9
3711,1
3712,3
3713,2
3714,1
3715,5
3716,1
3717,1
3718,1
3719,2
3720,1
3721,1
3722,1
3723,1
3724,4
3725,8
3726,10
3727,3
3728,1
3729,1
3730,1
3731,1
3732,1
3733,1
3734,1
3735,1
3736,10
3737,1
3738,1
3739,1
3740,5
3741,1
3742,1
3743,2
3744,1
3745,1
3746,10
3747,7
3748,1
3749,1
3750,1
3751,1
3752,1
3753,2
3754,2
3755,1
3756,2
3757,1
3758,1
3759,1
3760,2
3761,2
3762,1
3763,6
3764,6
3765,2
3766,3
3767,1
3768,3
3769,8
3770,1
3771,1
3772,1
3773,1
3774,3
3775,1
3776,1
3777,1
3778,8
3779,4
3780,4
3781,1
3782,1
3783,1
3784,1
3785,1
3786,1
3787,1
3788,2
3789,1
3790,1
3791,1
3792,1
3793,1
3794,1
3795,1
3796,1
3797,10
3798,1
3799,1
3800,9
3801,1
3802,1
3803,1
3804,1
3805,1
3806,1
3807,3
3808,1
3809,1
3810,1
3811,1
3812,2
3813,1
3814,4
3815,2
3816,3
3817,1
3818,1
3819,1
3820,2
3821,1
3822,8
3823,1
3824,4
3825,1
3826,1
3827,1
3828,1
3829,1
3830,4
3831,1
3832,1
3833,4
3834,1
3835,1
3836,1
3837,8
3838,1
3839,10
3840,6
3841,2
3842,1
3843,1
3844,1
3845,1
3846,4
3847,4
3848,1
3849,1
3850,1
3851,1
3852,1
3853,1
3854,2
3855,9
3856,1
3857,2
3858,2
3859,1
3860,1
3861,4
3862,1
3863,1
3864,5
3865,4
3866,1
3867,1
3868,1
3869,3
3870,2
3871,1
3872,2
3873,10
3874,2
3875,1
3876,2
3877,8
3878,1
3879,2
3880,1
3881,6
3882,1
3883,3
3884,9
3885,1
3886,1
3887,1
3888,1
3889,9
3890,1
3891,1
3892,1
3893,3
3894,1
3895,10
3896,2
3897,6
3898,1
3899,1
3900,9
3901,4
3902,1
3903,8
3904,2
3905,7
3906,1
3907,1
3908,2
3909,1
3910,1
3911,2
3912,1
3913,1
3914,4
3915,1
3916,4
3917,6
3918,1
3919,2
3920,3
3921,1
3922,6
3923,2
3924,1
3925,4
3926,1
3927,1
3928,4
3929,2
3930,6
3931,1
3932,1
3933,2
3934,3
3935,10
3936,2
3937,1
3938,7
3939,1
3940,5
3941,1
3942,9
3943,1
3944,1
3945,7
3946,5
3947,6
3948,1
3949,1
3950,4
3951,1
3952,1
3953,3
3954,3
3955,1
3956,1
3957,5
3958,1
3959,1
3960,1
3961,3
3962,4
3963,1
3964,1
3965,1
3966,1
3967,1
3968,2
3969,1
3970,1
3971,5
3972,5
3973,4
3974,1
3975,1
3976,1
3977,1
3978,10
3979,1
3980,4
3981,1
3982,5
3983,1
3984,3
3985,1
3986,1
3987,4
3988,1
3989,8
3990,1
3991,2
3992,1
3993,3
3994,1
3995,3
3996,1
3997,1
3998,5
3999,1
4000,1
4001,1
4002,1
4003,1
4004,1
4005,1
4006,1
4007,1
4008,1
4009,2
4010,1
4011,1
4012,1
4013,1
4014,10
4015,1
4016,1
4017,1
4018,1
4019,1
4020,8
4021,6
4022,1
4023,8
4024,7
4025,1
4026,1
4027,10
4028,1
4029,1
4030,4
4031,4
4032,1
4033,1
4034,1
4035,1
4036,1
4037,1
4038,1
4039,1
4040,8
4041,3
4042,1
4043,3
4044,1
4045,2
4046,3
4047,1
4048,1
4049,1
4050,1
4051,1
4052,1
4053,1
4054,1
4055,1
4056,1
4057,6
4058,8
4059,2
4060,2
4061,1
4062,8
4063,2
4064,1
4065,1
4066,2
4067,1
4068,6
4069,1
4070,1
4071,8
4072,3
4073,5
4074,1
4075,1
4076,1
4077,8
4078,3
4079,3
4080,8
4081,1
4082,4
4083,1
4084,1
4085,1
4086,1
4087,1
4088,1
4089,1
4090,1
4091,1
4092,1
4093,1
4094,1
4095,1
4096,1
4097,5
4098,9
4099,1
4100,1
4101,1
4102,4
4103,2
4104,9
4105,1
4106,2
4107,1
4108,1
4109,1
4110,2
4111,1
4112,6
4113,4
4114,2
4115,2
4116,1
4117,1
4118,1
4119,2
4120,1
4121,6
4122,1
4123,3
4124,1
4125,1
4126,2
4127,4
4128,1
4129,3
4130,3
4131,1
4132,1
4133,5
4134,2
4135,7
4136,1
4137,1
4138,6
4139,1
4140,1
4141,3
4142,1
4143,6
4144,4
4145,10
4146,3
4147,1
4148,2
4149,2
4150,3
4151,2
4152,5
4153,2
4154,1
4155,1
4156,2
4157,3
4158,3
4159,4
4160,1
4161,2
4162,1
4163,1
4164,1
4165,2
4166,1
4167,4
4168,1
4169,2
4170,1
4171,1
4172,1
4173,1
4174,1
4175,1
4176,2
4177,1
4178,1
4179,2
4180,1
4181,3
4182,1
4183,9
4184,5
4185,6
4186,1
4187,1
4188,1
4189,2
4190,1
4191,6
4192,4
4193,1
4194,1
4195,1
4196,1
4197,1
4198,7
4199,1
4200,1
4201,5
4202,8
4203,1
4204,1
4205,5
4206,1
4207,1
4208,2
4209,1
4210,8
4211,3
4212,1
4213,1
4214,2
4215,1
4216,1
4217,2
4218,1
4219,1
4220,1
4221,1
4222,1
4223,1
4224,3
4225,3
4226,1
4227,6
4228,1
4229,1
4230,1
4231,4
4232,2
4233,1
4234,8
4235,3
4236,7
4237,2
4238,1
4239,1
4240,1
4241,1
4242,1
4243,2
4244,1
4245,1
4246,3
4247,3
4248,1
4249,5
4250,1
4251,4
4252,2
4253,1
4254,1
4255,2
4256,1
4257,1
4258,3
4259,1
4260,2
4261,1
4262,1
4263,1
4264,2
4265,6
4266,1
4267,8
4268,2
4269,4
4270,1
4271,1
4272,6
4273,1
4274,4
4275,2
4276,1
4277,1
4278,1
4279,1
4280,1
4281,1
4282,1
4283,1
4284,1
4285,1
4286,2
4287,8
4288,2
4289,1
4290,1
4291,1
4292,1
4293,4
4294,1
4295,3
4296,1
4297,2
4298,1
4299,3
4300,1
4301,1
4302,1
4303,1
4304,1
4305,1
4306,1
4307,4
4308,6
4309,4
4310,2
4311,1
4312,1
4313,1
4314,1
4315,2
4316,10
4317,1
4318,2
4319,1
4320,1
4321,1
4322,1
4323,2
4324,1
4325,1
4326,1
4327,2
4328,2
4329,1
4330,1
4331,3
4332,9
4333,1
4334,1
4335,9
4336,1
4337,1
4338,6
4339,1
4340,2
4341,1
4342,1
4343,1
4344,8
4345,4
4346,5
4347,1
4348,1
4349,1
4350,5
4351,1
4352,1
4353,2
4354,1
4355,1
4356,1
4357,1
4358,7
4359,1
4360,1
4361,4
4362,1
4363,1
4364,1
4365,1
4366,2
4367,6
4368,3
4369,5
4370,1
4371,7
4372,1
4373,3
4374,1
4375,2
4376,6
4377,10
4378,1
4379,1
4380,1
4381,4
4382,1
4383,1
4384,1
4385,1
4386,1
4387,7
4388,2
4389,1
4390,1
4391,1
4392,1
4393,3
4394,1
4395,1
4396,1
4397,4
4398,2
4399,1
4400,2
4401,1
4402,6
4403,1
4404,1
4405,6
4406,1
4407,4
4408,1
4409,1
4410,2
4411,1
4412,1
4413,1
4414,1
4415,1
4416,1
4417,1
4418,1
4419,1
4420,5
4421,3
4422,1
4423,2
4424,1
4425,1
4426,1
4427,1
4428,1
4429,2
4430,1
4431,2
4432,1
4433,1
4434,3
4435,6
4436,1
4437,1
4438,1
4439,2
4440,1
4441,9
4442,1
4443,1
4444,1
4445,1
4446,1
4447,7
4448,1
4449,1
4450,1
4451,4
4452,1
4453,1
4454,5
4455,1
4456,2
4457,1
4458,4
4459,6
4460,1
4461,1
4462,1
4463,2
4464,2
4465,1
4466,5
4467,1
4468,1
4469,9
4470,3
4471,4
4472,1
4473,1
4474,1
4475,3
4476,1
4477,1
4478,6
4479,1
4480,5
4481,1
4482,1
4483,1
4484,4
4485,6
4486,5
4487,1
4488,1
4489,1
4490,4
4491,1
4492,1
4493,1
4494,1
4495,1
4496,1
4497,1
4498,5
4499,1
4500,2
4501,1
4502,1
4503,6
4504,1
4505,1
4506,2
4507,2
4508,3
4509,1
4510,1
4511,1
4512,1
4513,2
4514,1
4515,1
4516,2
4517,1
4518,1
4519,1
4520,6
4521,1
4522,4
4523,2
4524,4
4525,1
4526,1
4527,5
4528,1
4529,2
4530,2
4531,5
4532,2
4533,1
4534,4
4535,1
4536,8
4537,4
4538,1
4539,6
4540,3
4541,1
4542,2
4543,2
4544,1
4545,1
4546,1
4547,2
4548,2
4549,1
4550,1
4551,1
4552,4
4553,1
4554,1
4555,1
4556,1
4557,1
4558,8
4559,1
4560,1
4561,1
4562,1
4563,1
4564,1
4565,1
4566,1
4567,1
4568,1
4569,1
4570,2
4571,1
4572,1
4573,1
4574,1
4575,1
4576,3
4577,1
4578,1
4579,5
4580,1
4581,1
4582,1
4583,1
4584,1
4585,1
4586,1
4587,4
4588,1
4589,1
4590,1
4591,1
4592,1
4593,3
4594,1
4595,2
4596,1
4597,2
4598,2
4599,3
4600,3
4601,2
4602,1
4603,6
4604,1
4605,5
4606,2
4607,1
4608,1
4609,1
4610,3
4611,1
4612,1
4613,4
4614,1
4615,1
4616,1
4617,2
4618,4
4619,1
4620,2
4621,1
4622,3
4623,1
4624,1
4625,3
4626,1
4627,1
4628,1
4629,1
4630,1
4631,1
4632,1
4633,7
4634,7
4635,6
4636,8
4637,5
4638,2
4639,1
4640,2
4641,8
4642,1
4643,9
4644,1
4645,1
4646,1
4647,1
4648,2
4649,1
4650,8
4651,1
4652,1
4653,1
4654,4
4655,4
4656,1
4657,6
4658,1
4659,2
4660,2
4661,2
4662,1
4663,9
4664,6
4665,1
4666,1
4667,7
4668,1
4669,4
4670,1
4671,1
4672,1
4673,4
4674,1
4675,1
4676,2
4677,1
4678,6
4679,1
4680,1
4681,3
4682,4
4683,1
4684,1
4685,1
4686,1
4687,1
4688,1
4689,1
4690,1
4691,9
4692,6
4693,1
4694,3
4695,1
4696,2
4697,1
4698,1
4699,3
4700,1
4701,1
4702,1
4703,1
4704,1
4705,8
4706,1
4707,2
4708,3
4709,6
4710,2
4711,1
4712,4
4713,5
4714,1
4715,1
4716,8
4717,1
4718,1
4719,2
4720,1
4721,2
4722,1
4723,1
4724,1
4725,4
4726,5
4727,1
4728,2
4729,1
4730,1
4731,1
4732,1
4733,1
4734,1
4735,1
4736,8
4737,1
4738,8
4739,3
4740,1
4741,4
4742,1
4743,1
4744,5
4745,9
4746,1
4747,1
4748,1
4749,1
4750,1
4751,8
4752,1
4753,1
4754,2
4755,7
4756,8
4757,1
4758,1
4759,1
4760,1
4761,1
4762,1
4763,4
4764,3
4765,1
4766,1
4767,6
4768,1
4769,1
4770,1
4771,2
4772,1
4773,1
4774,4
4775,1
4776,4
4777,8
4778,1
4779,7
4780,2
4781,5
4782,1
4783,1
4784,1
4785,3
4786,1
4787,5
4788,1
4789,1
4790,1
4791,5
4792,6
4793,1
4794,1
4795,4
4796,1
4797,3
4798,1
4799,6
4800,3
4801,1
4802,1
4803,1
4804,1
4805,8
4806,1
4807,1
4808,1
4809,2
4810,1
4811,1
4812,1
4813,1
4814,1
4815,3
4816,1
4817,3
4818,1
4819,3
4820,1
4821,6
4822,3
4823,5
4824,1
4825,1
4826,1
4827,1
4828,1
4829,1
4830,1
4831,8
4832,1
4833,1
4834,1
4835,1
4836,4
4837,1
4838,6
4839,2
4840,1
4841,4
4842,1
4843,4
4844,1
4845,8
4846,2
4847,2
4848,1
4849,1
4850,1
4851,1
4852,8
4853,3
4854,7
4855,1
4856,1
4857,1
4858,4
4859,1
4860,1
4861,1
4862,2
4863,1
4864,1
4865,8
4866,1
4867,3
4868,2
4869,1
4870,1
4871,1
4872,3
4873,3
4874,1
4875,1
4876,1
4877,1
4878,1
4879,1
4880,1
4881,1
4882,1
4883,1
4884,4
4885,1
4886,2
4887,9
4888,1
4889,1
4890,3
4891,1
4892,6
4893,1
4894,1
4895,1
4896,1
4897,1
4898,1
4899,1
4900,1
4901,2
4902,1
4903,8
4904,2
4905,1
4906,1
4907,1
4908,1
4909,1
4910,1
4911,1
4912,1
4913,4
4914,4
4915,1
4916,1
4917,3
4918,1
4919,3
4920,1
4921,2
4922,4
4923,1
4924,2
4925,1
4926,1
4927,6
4928,2
4929,2
4930,1
4931,2
4932,1
4933,1
4934,1
4935,4
4936,3
4937,1
4938,1
4939,1
4940,1
4941,1
4942,1
4943,3
4944,1
4945,1
4946,1
4947,5
4948,10
4949,6
4950,1
4951,2
4952,1
4953,1
4954,1
4955,2
4956,10
4957,1
4958,1
4959,1
4960,1
4961,4
4962,1
4963,2
4964,1
4965,1
4966,1
4967,1
4968,8
4969,1
4970,2
4971,3
4972,1
4973,1
4974,1
4975,1
4976,2
4977,1
4978,1
4979,1
4980,1
4981,1
4982,1
4983,1
4984,1
4985,1
4986,5
4987,1
4988,4
4989,1
4990,5
4991,1
4992,2
4993,6
4994,1
4995,2
4996,1
4997,4
4998,4
4999,1
5000,3
5001,1
5002,1
5003,1
5004,3
5005,1
5006,1
5007,1
5008,1
5009,1
5010,10
5011,1
5012,1
5013,3
5014,1
5015,1
5016,4
5017,1
5018,1
5019,2
5020,1
5021,1
5022,1
5023,3
5024,2
5025,1
5026,8
5027,1
5028,4
5029,3
5030,1
5031,1
5032,1
5033,1
5034,2
5035,1
5036,1
5037,1
5038,1
5039,2
5040,1
5041,6
5042,6
5043,1
5044,1
5045,1
5046,1
5047,4
5048,1
5049,4
5050,1
5051,1
5052,1
5053,1
5054,1
5055,2
5056,1
5057,2
5058,1
5059,1
5060,1
5061,1
5062,1
5063,6
5064,2
5065,4
5066,4
5067,3
5068,2
5069,1
5070,1
5071,1
5072,5
5073,4
5074,2
5075,1
5076,1
5077,1
5078,2
5079,5
5080,2
5081,1
5082,10
5083,1
5084,1
5085,1
5086,3
5087,5
5088,2
5089,1
5090,1
5091,1
5092,2
5093,1
5094,2
5095,1
5096,4
5097,1
5098,1
5099,1
5100,2
5101,1
5102,1
5103,1
5104,1
5105,4
5106,1
5107,2
5108,2
5109,1
5110,1
5111,1
5112,2
5113,4
5114,3
5115,2
5116,1
5117,1
5118,2
5119,2
5120,1
5121,1
5122,2
5123,1
5124,1
5125,6
5126,1
5127,1
5128,1
5129,2
5130,2
5131,4
5132,1
5133,3
5134,1
5135,1
5136,1
5137,2
5138,1
5139,1
5140,6
5141,1
5142,1
5143,6
5144,1
5145,3
5146,3
5147,1
5148,3
5149,3
5150,1
5151,1
5152,1
5153,2
5154,1
5155,3
5156,1
5157,9
5158,1
5159,1
5160,1
5161,1
5162,2
5163,1
5164,8
5165,1
5166,1
5167,1
5168,1
5169,3
5170,1
5171,1
5172,5
5173,1
5174,1
5175,1
5176,9
5177,1
5178,1
5179,1
5180,1
5181,5
5182,2
5183,1
5184,9
5185,3
5186,1
5187,2
5188,4
5189,1
5190,1
5191,8
5192,8
5193,2
5194,8
5195,1
5196,3
5197,8
5198,1
5199,1
5200,1
5201,1
5202,1
5203,8
5204,2
5205,3
5206,1
5207,1
5208,2
5209,3
5210,1
5211,1
5212,1
5213,6
5214,1
5215,2
5216,1
5217,1
5218,6
5219,1
5220,8
5221,6
5222,5
5223,1
5224,1
5225,1
5226,1
5227,1
5228,2
5229,2
5230,2
5231,1
5232,5
5233,2
5234,1
5235,2
5236,3
5237,1
5238,3
5239,1
5240,8
5241,1
5242,1
5243,1
5244,1
5245,4
5246,1
5247,1
5248,5
5249,1
5250,1
5251,2
5252,1
5253,1
5254,1
5255,1
5256,1
5257,1
5258,2
5259,1
5260,4
5261,1
5262,6
5263,4
5264,1
5265,1
5266,3
5267,3
5268,1
5269,2
5270,3
5271,1
5272,1
5273,1
5274,1
5275,1
5276,2
5277,1
5278,1
5279,8
5280,1
5281,6
5282,1
5283,1
5284,10
5285,1
5286,1
5287,2
5288,1
5289,2
5290,2
5291,7
5292,3
5293,1
5294,8
5295,7
5296,1
5297,1
5298,1
5299,1
5300,5
5301,1
5302,1
5303,2
5304,3
5305,1
5306,1
5307,1
5308,2
5309,1
5310,3
5311,1
5312,2
5313,5
5314,1
5315,1
5316,1
5317,8
5318,5
5319,2
5320,1
5321,3
5322,1
5323,4
5324,1
5325,1
5326,1
5327,1
5328,1
5329,1
5330,9
5331,1
5332,1
5333,5
5334,1
5335,1
5336,1
5337,9
5338,1
5339,1
5340,1
5341,3
5342,6
5343,3
5344,5
5345,1
5346,1
5347,5
5348,3
5349,6
5350,5
5351,1
5352,6
5353,1
5354,1
5355,1
5356,1
5357,2
5358,1
5359,1
5360,8
5361,3
5362,1
5363,4
5364,1
5365,1
5366,10
5367,1
5368,1
5369,1
5370,1
5371,2
5372,1
5373,2
5374,1
5375,4
5376,1
5377,5
5378,2
5379,1
5380,2
5381,1
5382,1
5383,9
5384,1
5385,7
5386,2
5387,1
5388,9
5389,1
5390,1
5391,3
5392,2
5393,2
5394,6
5395,3
5396,1
5397,1
5398,1
5399,2
5400,2
5401,1
5402,1
5403,1
5404,5
5405,5
5406,3
5407,4
5408,1
5409,1
5410,1
5411,5
5412,1
5413,3
5414,1
5415,2
5416,5
5417,2
5418,1
5419,3
5420,1
5421,1
5422,3
5423,1
5424,1
5425,1
5426,1
5427,3
5428,1
5429,1
5430,2
5431,5
5432,1
5433,1
5434,1
5435,2
5436,1
5437,1
5438,9
5439,1
5440,1
5441,1
5442,4
5443,6
5444,4
5445,8
5446,1
5447,1
5448,1
5449,1
5450,1
5451,1
5452,4
5453,1
5454,1
5455,1
5456,3
5457,8
5458,3
5459,1
5460,1
5461,1
5462,1
5463,2
5464,1
5465,1
5466,1
5467,1
5468,8
5469,1
5470,1
5471,1
5472,1
5473,1
5474,4
5475,2
5476,1
5477,1
5478,3
5479,1
5480,1
5481,6
5482,2
5483,1
5484,1
5485,5
5486,1
5487,1
5488,2
5489,1
5490,1
5491,1
5492,1
5493,6
5494,1
5495,9
5496,1
5497,7
5498,1
5499,2
5500,1
5501,4
5502,4
5503,1
5504,2
5505,3
5506,1
5507,1
5508,1
5509,4
5510,1
5511,6
5512,6
5513,4
5514,2
5515,2
5516,1
5517,1
5518,2
5519,1
5520,2
5521,1
5522,1
5523,6
5524,2
5525,1
5526,1
5527,4
5528,1
5529,3
5530,4
5531,1
5532,4
5533,1
5534,1
5535,3
5536,1
5537,2
5538,3
5539,1
5540,2
5541,1
5542,3
5543,1
5544,1
5545,2
5546,3
5547,2
5548,2
5549,1
5550,10
5551,1
5552,1
5553,2
5554,5
5555,9
5556,1
5557,1
5558,10
5559,1
5560,1
5561,5
5562,1
5563,1
5564,1
5565,1
5566,2
5567,1
5568,3
5569,7
5570,1
5571,1
5572,1
5573,1
5574,1
5575,1
5576,1
5577,1
5578,9
5579,1
5580,1
5581,4
5582,1
5583,1
5584,1
5585,4
5586,1
5587,2
5588,2
5589,1
5590,3
5591,4
5592,1
5593,1
5594,2
5595,4
5596,1
5597,1
5598,1
5599,1
5600,1
5601,1
5602,1
5603,3
5604,1
5605,1
5606,1
5607,1
5608,1
5609,1
5610,1
5611,1
5612,6
5613,1
5614,1
5615,1
5616,1
5617,6
5618,2
5619,2
5620,5
5621,2
5622,2
5623,1
5624,1
5625,1
5626,1
5627,8
5628,1
5629,1
5630,1
5631,4
5632,1
5633,1
5634,1
5635,1
5636,1
5637,2
5638,1
5639,1
5640,1
5641,1
5642,1
5643,1
5644,1
5645,1
5646,4
5647,1
5648,3
5649,1
5650,1
5651,1
5652,1
5653,6
5654,8
5655,1
5656,1
5657,1
5658,1
5659,1
5660,1
5661,1
5662,1
5663,1
5664,1
5665,1
5666,4
5667,3
5668,2
5669,1
5670,8
5671,6
5672,1
5673,1
5674,1
5675,1
5676,1
5677,4
5678,1
5679,1
5680,2
5681,1
5682,1
5683,9
5684,1
5685,1
5686,4
5687,1
5688,2
5689,1
5690,1
5691,1
5692,3
5693,2
5694,1
5695,1
5696,7
5697,2
5698,4
5699,6
5700,1
5701,3
5702,1
5703,6
5704,1
5705,1
5706,4
5707,2
5708,1
5709,1
5710,5
5711,1
5712,1
5713,1
5714,1
5715,2
5716,1
5717,9
5718,2
5719,1
5720,1
5721,2
5722,2
5723,1
5724,9
5725,4
5726,1
5727,1
5728,1
5729,1
5730,1
5731,1
5732,3
5733,1
5734,2
5735,1
5736,1
5737,1
5738,1
5739,1
5740,1
5741,4
5742,1
5743,1
5744,1
5745,1
5746,1
5747,1
5748,1
5749,1
5750,1
5751,1
5752,7
5753,1
5754,1
5755,1
5756,4
5757,1
5758,2
5759,6
5760,4
5761,3
5762,1
5763,3
5764,2
5765,1
5766,8
5767,1
5768,1
5769,3
5770,9
5771,2
5772,1
5773,4
5774,8
5775,4
5776,6
5777,1
5778,1
5779,2
5780,1
5781,2
5782,1
5783,1
5784,10
5785,1
5786,1
5787,2
5788,7
5789,2
5790,2
5791,1
5792,1
5793,1
5794,1
5795,4
5796,1
5797,1
5798,1
5799,1
5800,6
5801,1
5802,5
5803,3
5804,1
5805,1
5806,1
5807,5
5808,1
5809,3
5810,5
5811,2
5812,1
5813,4
5814,2
5815,1
5816,1
5817,1
5818,1
5819,1
5820,2
5821,4
5822,1
5823,2
5824,1
5825,1
5826,3
5827,1
5828,1
5829,1
5830,3
5831,1
5832,2
5833,7
5834,4
5835,1
5836,1
5837,1
5838,1
5839,1
5840,1
5841,1
5842,1
5843,1
5844,4
5845,3
5846,3
5847,3
5848,1
5849,1
5850,1
5851,1
5852,1
5853,1
5854,1
5855,2
5856,4
5857,1
5858,2
5859,1
5860,1
5861,2
5862,1
5863,1
5864,3
5865,1
5866,1
5867,1
5868,6
5869,1
5870,1
5871,1
5872,1
5873,1
5874,1
5875,5
5876,1
5877,1
5878,4
5879,1
5880,1
5881,1
5882,2
5883,1
5884,2
5885,1
5886,3
5887,1
5888,1
5889,1
5890,2
5891,1
5892,1
5893,1
5894,1
5895,2
5896,1
5897,2
5898,1
5899,6
5900,1
5901,1
5902,3
5903,1
5904,4
5905,1
5906,4
5907,4
5908,1
5909,3
5910,5
5911,1
5912,1
5913,1
5914,1
5915,1
5916,1
5917,1
5918,4
5919,1
5920,3
5921,1
5922,1
5923,3
5924,6
5925,1
5926,3
5927,1
5928,1
5929,10
5930,3
5931,6
5932,4
5933,1
5934,1
5935,1
5936,1
5937,1
5938,3
5939,1
5940,1
5941,4
5942,1
5943,2
5944,1
5945,1
5946,1
5947,1
5948,1
5949,1
5950,3
5951,2
5952,1
5953,2
5954,3
5955,1
5956,3
5957,1
5958,1
5959,1
5960,2
5961,1
5962,1
5963,2
5964,2
5965,1
5966,1
5967,1
5968,1
5969,1
5970,1
5971,1
5972,1
5973,4
5974,2
5975,2
5976,1
5977,1
5978,2
5979,3
5980,2
5981,1
5982,3
5983,4
5984,1
5985,1
5986,2
5987,7
5988,1
5989,1
5990,2
5991,6
5992,1
5993,1
5994,1
5995,4
5996,3
5997,1
5998,2
5999,1
6000,2
6001,1
6002,1
6003,6
6004,1
6005,1
6006,1
6007,2
6008,1
6009,1
6010,1
6011,3
6012,3
6013,2
6014,1
6015,1
6016,2
6017,1
6018,1
6019,1
6020,6
6021,1
6022,1
6023,1
6024,3
6025,1
6026,1
6027,1
6028,1
6029,1
6030,1
6031,8
6032,8
6033,8
6034,3
6035,6
6036,3
6037,4
6038,1
6039,1
6040,5
6041,4
6042,3
6043,9
6044,6
6045,2
6046,2
6047,1
6048,2
6049,1
6050,4
6051,1
6052,1
6053,1
6054,1
6055,1
6056,1
6057,1
6058,1
6059,1
6060,1
6061,1
6062,1
6063,2
6064,2
6065,1
6066,1
6067,5
6068,2
6069,1
6070,2
6071,1
6072,7
6073,3
6074,1
6075,1
6076,1
6077,1
6078,1
6079,4
6080,1
6081,1
6082,4
6083,1
6084,4
6085,1
6086,1
6087,1
6088,3
6089,1
6090,1
6091,1
6092,6
6093,5
6094,1
6095,8
6096,3
6097,1
6098,1
6099,1
6100,6
6101,2
6102,8
6103,7
6104,1
6105,1
6106,1
6107,1
6108,3
6109,1
6110,3
6111,1
6112,1
6113,2
6114,1
6115,1
6116,3
6117,2
6118,1
6119,1
6120,2
6121,1
6122,5
6123,3
6124,1
6125,1
6126,6
6127,4
6128,2
6129,4
6130,1
6131,1
6132,1
6133,1
6134,4
6135,1
6136,1
6137,2
6138,1
6139,5
6140,1
6141,9
6142,1
6143,1
6144,1
6145,1
6146,1
6147,10
6148,5
6149,4
6150,2
6151,1
6152,6
6153,1
6154,1
6155,2
6156,2
6157,8
6158,1
6159,1
6160,3
6161,1
6162,1
6163,1
6164,1
6165,1
6166,3
6167,1
6168,5
6169,1
6170,7
6171,2
6172,1
6173,1
6174,1
6175,5
6176,3
6177,1
6178,1
6179,2
6180,4
6181,1
6182,4
6183,3
6184,3
6185,1
6186,1
6187,1
6188,6
6189,1
6190,1
6191,5
6192,1
6193,1
6194,6
6195,3
6196,2
6197,1
6198,2
6199,1
6200,1
6201,2
6202,9
6203,6
6204,1
6205,1
6206,2
6207,1
6208,1
6209,1
6210,1
6211,6
6212,1
6213,8
6214,1
6215,4
6216,2
6217,1
6218,7
6219,1
6220,1
6221,1
6222,1
6223,3
6224,1
6225,1
6226,1
6227,8
6228,1
6229,2
6230,2
6231,4
6232,2
6233,2
6234,1
6235,1
6236,1
6237,1
6238,1
6239,3
6240,1
6241,1
6242,2
6243,2
6244,2
6245,1
6246,7
6247,1
6248,1
6249,6
6250,1
6251,1
6252,8
6253,8
6254,1
6255,1
6256,4
6257,1
6258,2
6259,1
6260,1
6261,1
6262,3
6263,1
6264,5
6265,2
6266,1
6267,1
6268,1
6269,2
6270,2
6271,1
6272,6
6273,1
6274,1
6275,9
6276,2
6277,2
6278,1
6279,1
6280,1
6281,1
6282,3
6283,1
6284,2
6285,1
6286,1
6287,1
6288,1
6289,3
6290,1
6291,1
6292,1
6293,1
6294,8
6295,1
6296,1
6297,1
6298,2
6299,1
6300,4
6301,5
6302,1
6303,2
6304,7
6305,1
6306,3
6307,1
6308,8
6309,1
6310,6
6311,7
6312,1
6313,1
6314,3
6315,1
6316,1
6317,9
6318,1
6319,1
6320,1
6321,3
6322,10
6323,1
6324,2
6325,5
6326,1
6327,8
6328,1
6329,2
6330,1
6331,1
6332,9
6333,1
6334,8
6335,4
6336,1
6337,1
6338,5
6339,1
6340,4
6341,6
6342,1
6343,3
6344,9
6345,9
6346,1
6347,1
6348,1
6349,1
6350,1
6351,1
6352,3
6353,2
6354,3
6355,3
6356,6
6357,1
6358,1
6359,1
6360,1
6361,1
6362,5
6363,8
6364,2
6365,1
6366,3
6367,1
6368,1
6369,5
6370,2
6371,1
6372,1
6373,1
6374,1
6375,3
6376,1
6377,1
6378,2
6379,2
6380,1
6381,1
6382,1
6383,1
6384,1
6385,1
6386,1
6387,3
6388,2
6389,1
6390,3
6391,1
6392,1
6393,1
6394,1
6395,1
6396,1
6397,1
6398,1
6399,7
6400,3
6401,1
6402,1
6403,1
6404,1
6405,2
6406,1
6407,1
6408,4
6409,1
6410,1
6411,6
6412,4
6413,1
6414,8
6415,1
6416,1
6417,1
6418,1
6419,1
6420,5
6421,1
6422,1
6423,1
6424,2
6425,2
6426,1
6427,2
6428,1
6429,1
6430,1
6431,1
6432,1
6433,2
6434,1
6435,4
6436,1
6437,1
6438,1
6439,6
6440,4
6441,4
6442,5
6443,1
6444,1
6445,1
6446,1
6447,1
6448,6
6449,2
6450,1
6451,1
6452,1
6453,1
6454,1
6455,1
6456,8
6457,1
6458,1
6459,1
6460,1
6461,1
6462,2
6463,1
6464,1
6465,1
6466,4
6467,1
6468,1
6469,1
6470,1
6471,1
6472,1
6473,3
6474,1
6475,2
6476,5
6477,1
6478,3
6479,1
6480,1
6481,6
6482,8
6483,1
6484,1
6485,1
6486,1
6487,2
6488,1
6489,4
6490,1
6491,2
6492,1
6493,5
6494,1
6495,1
6496,1
6497,8
6498,1
6499,4
6500,1
6501,1
6502,1
6503,2
6504,2
6505,2
6506,1
6507,8
6508,1
6509,1
6510,1
6511,1
6512,2
6513,1
6514,1
6515,1
6516,1
6517,7
6518,3
6519,1
6520,1
6521,1
6522,1
6523,1
6524,1
6525,1
6526,9
6527,1
6528,1
6529,6
6530,3
6531,1
6532,1
6533,1
6534,3
6535,3
6536,1
6537,3
6538,2
6539,1
6540,3
6541,1
6542,1
6543,3
6544,1
